0 0.704483
0.00909091 0.709026
0.0181818 0.713631
0.0272727 0.7183
0.0363636 0.723037
0.0454545 0.727843
0.0545455 0.732724
0.0636364 0.73768
0.0727273 0.742715
0.0818182 0.747832
0.0909091 0.753034
0.1 0.758325
0.109091 0.763707
0.118182 0.769185
0.127273 0.77476
0.136364 0.780438
0.145455 0.78622
0.154545 0.792112
0.163636 0.798116
0.172727 0.804237
0.181818 0.810479
0.190909 0.816845
0.2 0.823339
0.209091 0.829966
0.218182 0.83673
0.227273 0.843636
0.236364 0.850688
0.245455 0.857891
0.254545 0.865249
0.263636 0.872768
0.272727 0.880453
0.281818 0.888308
0.290909 0.89634
0.3 0.904554
0.309091 0.912956
0.318182 0.921551
0.327273 0.930347
0.336364 0.939348
0.345455 0.948562
0.354545 0.957995
0.363636 0.967655
0.372727 0.977548
0.381818 0.987682
0.390909 0.998066
0.4 1.00871
0.409091 1.01961
0.418182 1.03079
0.427273 1.04225
0.436364 1.05401
0.445455 1.06606
0.454545 1.07843
0.463636 1.09112
0.472727 1.10414
0.481818 1.11751
0.490909 1.13123
0.5 1.14533
0.509091 1.1598
0.518182 1.17467
0.527273 1.18995
0.536364 1.20565
0.545455 1.22179
0.554545 1.23839
0.563636 1.25546
0.572727 1.27302
0.581818 1.29108
0.590909 1.30968
0.6 1.32882
0.609091 1.34854
0.618182 1.36884
0.627273 1.38977
0.636364 1.41133
0.645455 1.43357
0.654545 1.4565
0.663636 1.48016
0.672727 1.50457
0.681818 1.52978
0.690909 1.55581
0.7 1.58271
0.709091 1.61051
0.718182 1.63926
0.727273 1.669
0.736364 1.69978
0.745455 1.73166
0.754545 1.76467
0.763636 1.7989
0.772727 1.83439
0.781818 1.87122
0.790909 1.90945
0.8 1.94917
0.809091 1.99046
0.818182 2.03341
0.827273 2.07811
0.836364 2.12468
0.845455 2.17323
0.854545 2.22387
0.863636 2.27676
0.872727 2.33202
0.881818 2.38983
0.890909 2.45035
0.9 2.51379
0.909091 2.58035
0.918182 2.65026
0.927273 2.72378
0.936364 2.80119
0.945455 2.88281
0.954545 2.96898
0.963636 3.0601
0.972727 3.15659
0.981818 3.25896
0.990909 3.36775
1 3.48357
