0 0.704935
0.01 0.709942
0.02 0.715024
0.03 0.720186
0.04 0.725431
0.05 0.730763
0.06 0.736185
0.07 0.741701
0.08 0.747316
0.09 0.753034
0.1 0.758859
0.11 0.764795
0.12 0.770847
0.13 0.777019
0.14 0.783315
0.15 0.789742
0.16 0.796303
0.17 0.803004
0.18 0.809849
0.19 0.816845
0.2 0.823996
0.21 0.831308
0.22 0.838787
0.23 0.846439
0.24 0.85427
0.25 0.862287
0.26 0.870495
0.27 0.878902
0.28 0.887515
0.29 0.89634
0.3 0.905386
0.31 0.914659
0.32 0.924169
0.33 0.933922
0.34 0.943928
0.35 0.954195
0.36 0.964733
0.37 0.97555
0.38 0.986658
0.39 0.998066
0.4 1.00978
0.41 1.02182
0.42 1.0342
0.43 1.04692
0.44 1.06
0.45 1.07344
0.46 1.08728
0.47 1.10151
0.48 1.11616
0.49 1.13123
0.5 1.14676
0.51 1.16274
0.52 1.17921
0.53 1.19618
0.54 1.21367
0.55 1.2317
0.56 1.25029
0.57 1.26947
0.58 1.28925
0.59 1.30968
0.6 1.33077
0.61 1.35255
0.62 1.37506
0.63 1.39832
0.64 1.42236
0.65 1.44724
0.66 1.47298
0.67 1.49963
0.68 1.52722
0.69 1.55581
0.7 1.58545
0.71 1.61619
0.72 1.64808
0.73 1.68119
0.74 1.71558
0.75 1.75133
0.76 1.7885
0.77 1.82719
0.78 1.86747
0.79 1.90945
0.8 1.95323
0.81 1.99891
0.82 2.04663
0.83 2.09651
0.84 2.1487
0.85 2.20335
0.86 2.26065
0.87 2.32077
0.88 2.38393
0.89 2.45035
0.9 2.5203
0.91 2.59405
0.92 2.67192
0.93 2.75426
0.94 2.84145
0.95 2.93394
0.96 3.03221
0.97 3.13684
0.98 3.24844
0.99 3.36774
