0 0.700005
1e-05 0.70001
2e-05 0.700015
3e-05 0.70002
4e-05 0.700025
5e-05 0.700029
6e-05 0.700034
7e-05 0.700039
8e-05 0.700044
9e-05 0.700049
0.0001 0.700054
0.00011 0.700059
0.00012 0.700064
0.00013 0.700069
0.00014 0.700074
0.00015 0.700078
0.00016 0.700083
0.00017 0.700088
0.00018 0.700093
0.00019 0.700098
0.0002 0.700103
0.00021 0.700108
0.00022 0.700113
0.00023 0.700118
0.00024 0.700123
0.00025 0.700127
0.00026 0.700132
0.00027 0.700137
0.00028 0.700142
0.00029 0.700147
0.0003 0.700152
0.00031 0.700157
0.00032 0.700162
0.00033 0.700167
0.00034 0.700172
0.00035 0.700176
0.00036 0.700181
0.00037 0.700186
0.00038 0.700191
0.00039 0.700196
0.0004 0.700201
0.00041 0.700206
0.00042 0.700211
0.00043 0.700216
0.00044 0.700221
0.00045 0.700225
0.00046 0.70023
0.00047 0.700235
0.00048 0.70024
0.00049 0.700245
0.0005 0.70025
0.00051 0.700255
0.00052 0.70026
0.00053 0.700265
0.00054 0.70027
0.00055 0.700275
0.00056 0.700279
0.00057 0.700284
0.00058 0.700289
0.00059 0.700294
0.0006 0.700299
0.00061 0.700304
0.00062 0.700309
0.00063 0.700314
0.00064 0.700319
0.00065 0.700324
0.00066 0.700328
0.00067 0.700333
0.00068 0.700338
0.00069 0.700343
0.0007 0.700348
0.00071 0.700353
0.00072 0.700358
0.00073 0.700363
0.00074 0.700368
0.00075 0.700373
0.00076 0.700378
0.00077 0.700382
0.00078 0.700387
0.00079 0.700392
0.0008 0.700397
0.00081 0.700402
0.00082 0.700407
0.00083 0.700412
0.00084 0.700417
0.00085 0.700422
0.00086 0.700427
0.00087 0.700431
0.00088 0.700436
0.00089 0.700441
0.0009 0.700446
0.00091 0.700451
0.00092 0.700456
0.00093 0.700461
0.00094 0.700466
0.00095 0.700471
0.00096 0.700476
0.00097 0.700481
0.00098 0.700485
0.00099 0.70049
