0 0.70049
0.001 0.700981
0.002 0.701473
0.003 0.701966
0.004 0.702459
0.005 0.702952
0.006 0.703447
0.007 0.703942
0.008 0.704438
0.009 0.704935
0.01 0.705432
0.011 0.70593
0.012 0.706429
0.013 0.706929
0.014 0.707429
0.015 0.70793
0.016 0.708432
0.017 0.708935
0.018 0.709438
0.019 0.709942
0.02 0.710447
0.021 0.710952
0.022 0.711459
0.023 0.711966
0.024 0.712473
0.025 0.712982
0.026 0.713491
0.027 0.714002
0.028 0.714513
0.029 0.715024
0.03 0.715537
0.031 0.71605
0.032 0.716564
0.033 0.717079
0.034 0.717595
0.035 0.718112
0.036 0.718629
0.037 0.719147
0.038 0.719666
0.039 0.720186
0.04 0.720707
0.041 0.721228
0.042 0.721751
0.043 0.722274
0.044 0.722798
0.045 0.723323
0.046 0.723849
0.047 0.724375
0.048 0.724903
0.049 0.725431
0.05 0.72596
0.051 0.72649
0.052 0.727021
0.053 0.727553
0.054 0.728086
0.055 0.728619
0.056 0.729154
0.057 0.729689
0.058 0.730225
0.059 0.730763
0.06 0.731301
0.061 0.73184
0.062 0.732379
0.063 0.73292
0.064 0.733462
0.065 0.734005
0.066 0.734548
0.067 0.735093
0.068 0.735638
0.069 0.736185
0.07 0.736732
0.071 0.73728
0.072 0.737829
0.073 0.73838
0.074 0.738931
0.075 0.739483
0.076 0.740036
0.077 0.74059
0.078 0.741145
0.079 0.741701
0.08 0.742258
0.081 0.742816
0.082 0.743375
0.083 0.743935
0.084 0.744496
0.085 0.745058
0.086 0.745621
0.087 0.746185
0.088 0.74675
0.089 0.747316
0.09 0.747883
0.091 0.748452
0.092 0.749021
0.093 0.749591
0.094 0.750162
0.095 0.750735
0.096 0.751308
0.097 0.751882
0.098 0.752458
0.099 0.753034
0.1 0.753612
0.101 0.754191
0.102 0.75477
0.103 0.755351
0.104 0.755933
0.105 0.756516
0.106 0.7571
0.107 0.757685
0.108 0.758272
0.109 0.758859
0.11 0.759448
0.111 0.760037
0.112 0.760628
0.113 0.76122
0.114 0.761813
0.115 0.762407
0.116 0.763002
0.117 0.763599
0.118 0.764196
0.119 0.764795
0.12 0.765395
0.121 0.765996
0.122 0.766598
0.123 0.767202
0.124 0.767806
0.125 0.768412
0.126 0.769019
0.127 0.769627
0.128 0.770236
0.129 0.770847
0.13 0.771458
0.131 0.772071
0.132 0.772685
0.133 0.773301
0.134 0.773917
0.135 0.774535
0.136 0.775154
0.137 0.775774
0.138 0.776396
0.139 0.777019
0.14 0.777643
0.141 0.778268
0.142 0.778894
0.143 0.779522
0.144 0.780151
0.145 0.780781
0.146 0.781413
0.147 0.782046
0.148 0.78268
0.149 0.783315
0.15 0.783952
0.151 0.78459
0.152 0.78523
0.153 0.78587
0.154 0.786512
0.155 0.787155
0.156 0.7878
0.157 0.788446
0.158 0.789093
0.159 0.789742
0.16 0.790392
0.161 0.791043
0.162 0.791696
0.163 0.79235
0.164 0.793005
0.165 0.793662
0.166 0.79432
0.167 0.79498
0.168 0.795641
0.169 0.796303
0.17 0.796967
0.171 0.797632
0.172 0.798298
0.173 0.798966
0.174 0.799636
0.175 0.800306
0.176 0.800978
0.177 0.801652
0.178 0.802327
0.179 0.803004
0.18 0.803682
0.181 0.804361
0.182 0.805042
0.183 0.805724
0.184 0.806408
0.185 0.807093
0.186 0.80778
0.187 0.808468
0.188 0.809158
0.189 0.809849
0.19 0.810542
0.191 0.811236
0.192 0.811932
0.193 0.812629
0.194 0.813328
0.195 0.814028
0.196 0.81473
0.197 0.815433
0.198 0.816138
0.199 0.816845
0.2 0.817553
0.201 0.818262
0.202 0.818973
0.203 0.819686
0.204 0.8204
0.205 0.821116
0.206 0.821834
0.207 0.822553
0.208 0.823273
0.209 0.823996
0.21 0.824719
0.211 0.825445
0.212 0.826172
0.213 0.826901
0.214 0.827631
0.215 0.828363
0.216 0.829097
0.217 0.829832
0.218 0.830569
0.219 0.831308
0.22 0.832048
0.221 0.83279
0.222 0.833534
0.223 0.834279
0.224 0.835026
0.225 0.835775
0.226 0.836525
0.227 0.837278
0.228 0.838031
0.229 0.838787
0.23 0.839544
0.231 0.840303
0.232 0.841064
0.233 0.841827
0.234 0.842591
0.235 0.843357
0.236 0.844125
0.237 0.844895
0.238 0.845666
0.239 0.846439
0.24 0.847214
0.241 0.847991
0.242 0.848769
0.243 0.84955
0.244 0.850332
0.245 0.851116
0.246 0.851902
0.247 0.852689
0.248 0.853479
0.249 0.85427
0.25 0.855063
0.251 0.855859
0.252 0.856655
0.253 0.857454
0.254 0.858255
0.255 0.859058
0.256 0.859862
0.257 0.860668
0.258 0.861477
0.259 0.862287
0.26 0.863099
0.261 0.863913
0.262 0.864729
0.263 0.865547
0.264 0.866367
0.265 0.867188
0.266 0.868012
0.267 0.868838
0.268 0.869666
0.269 0.870495
0.27 0.871327
0.271 0.872161
0.272 0.872996
0.273 0.873834
0.274 0.874673
0.275 0.875515
0.276 0.876359
0.277 0.877205
0.278 0.878052
0.279 0.878902
0.28 0.879754
0.281 0.880608
0.282 0.881464
0.283 0.882322
0.284 0.883182
0.285 0.884045
0.286 0.884909
0.287 0.885776
0.288 0.886644
0.289 0.887515
0.29 0.888388
0.291 0.889263
0.292 0.89014
0.293 0.891019
0.294 0.891901
0.295 0.892784
0.296 0.89367
0.297 0.894558
0.298 0.895448
0.299 0.89634
0.3 0.897235
0.301 0.898132
0.302 0.899031
0.303 0.899932
0.304 0.900835
0.305 0.901741
0.306 0.902649
0.307 0.903559
0.308 0.904471
0.309 0.905386
0.31 0.906303
0.311 0.907222
0.312 0.908144
0.313 0.909068
0.314 0.909994
0.315 0.910922
0.316 0.911853
0.317 0.912786
0.318 0.913722
0.319 0.914659
0.32 0.9156
0.321 0.916542
0.322 0.917487
0.323 0.918434
0.324 0.919384
0.325 0.920336
0.326 0.921291
0.327 0.922248
0.328 0.923207
0.329 0.924169
0.33 0.925133
0.331 0.9261
0.332 0.927069
0.333 0.92804
0.334 0.929014
0.335 0.929991
0.336 0.93097
0.337 0.931951
0.338 0.932935
0.339 0.933922
0.34 0.934911
0.341 0.935903
0.342 0.936897
0.343 0.937894
0.344 0.938893
0.345 0.939895
0.346 0.940899
0.347 0.941906
0.348 0.942916
0.349 0.943928
0.35 0.944943
0.351 0.94596
0.352 0.94698
0.353 0.948003
0.354 0.949028
0.355 0.950056
0.356 0.951087
0.357 0.95212
0.358 0.953156
0.359 0.954195
0.36 0.955236
0.361 0.956281
0.362 0.957327
0.363 0.958377
0.364 0.959429
0.365 0.960485
0.366 0.961542
0.367 0.962603
0.368 0.963666
0.369 0.964733
0.37 0.965802
0.371 0.966874
0.372 0.967948
0.373 0.969026
0.374 0.970106
0.375 0.971189
0.376 0.972275
0.377 0.973364
0.378 0.974456
0.379 0.97555
0.38 0.976648
0.381 0.977748
0.382 0.978852
0.383 0.979958
0.384 0.981067
0.385 0.98218
0.386 0.983295
0.387 0.984413
0.388 0.985534
0.389 0.986658
0.39 0.987785
0.391 0.988915
0.392 0.990048
0.393 0.991185
0.394 0.992324
0.395 0.993466
0.396 0.994611
0.397 0.99576
0.398 0.996911
0.399 0.998066
0.4 0.999223
0.401 1.00038
0.402 1.00155
0.403 1.00272
0.404 1.00389
0.405 1.00506
0.406 1.00624
0.407 1.00742
0.408 1.0086
0.409 1.00978
0.41 1.01097
0.411 1.01217
0.412 1.01336
0.413 1.01456
0.414 1.01576
0.415 1.01697
0.416 1.01818
0.417 1.01939
0.418 1.02061
0.419 1.02182
0.42 1.02305
0.421 1.02427
0.422 1.0255
0.423 1.02673
0.424 1.02797
0.425 1.02921
0.426 1.03045
0.427 1.0317
0.428 1.03295
0.429 1.0342
0.43 1.03545
0.431 1.03671
0.432 1.03798
0.433 1.03924
0.434 1.04051
0.435 1.04179
0.436 1.04307
0.437 1.04435
0.438 1.04563
0.439 1.04692
0.44 1.04821
0.441 1.0495
0.442 1.0508
0.443 1.05211
0.444 1.05341
0.445 1.05472
0.446 1.05603
0.447 1.05735
0.448 1.05867
0.449 1.06
0.45 1.06132
0.451 1.06266
0.452 1.06399
0.453 1.06533
0.454 1.06667
0.455 1.06802
0.456 1.06937
0.457 1.07072
0.458 1.07208
0.459 1.07344
0.46 1.07481
0.461 1.07618
0.462 1.07755
0.463 1.07893
0.464 1.08031
0.465 1.0817
0.466 1.08309
0.467 1.08448
0.468 1.08588
0.469 1.08728
0.47 1.08868
0.471 1.09009
0.472 1.09151
0.473 1.09292
0.474 1.09434
0.475 1.09577
0.476 1.0972
0.477 1.09863
0.478 1.10007
0.479 1.10151
0.48 1.10296
0.481 1.10441
0.482 1.10586
0.483 1.10732
0.484 1.10878
0.485 1.11025
0.486 1.11172
0.487 1.11319
0.488 1.11467
0.489 1.11616
0.49 1.11765
0.491 1.11914
0.492 1.12063
0.493 1.12214
0.494 1.12364
0.495 1.12515
0.496 1.12667
0.497 1.12818
0.498 1.12971
0.499 1.13123
0.5 1.13277
0.501 1.1343
0.502 1.13584
0.503 1.13739
0.504 1.13894
0.505 1.14049
0.506 1.14205
0.507 1.14362
0.508 1.14518
0.509 1.14676
0.51 1.14833
0.511 1.14992
0.512 1.1515
0.513 1.1531
0.514 1.15469
0.515 1.15629
0.516 1.1579
0.517 1.15951
0.518 1.16112
0.519 1.16274
0.52 1.16437
0.521 1.166
0.522 1.16763
0.523 1.16927
0.524 1.17092
0.525 1.17256
0.526 1.17422
0.527 1.17588
0.528 1.17754
0.529 1.17921
0.53 1.18088
0.531 1.18256
0.532 1.18425
0.533 1.18594
0.534 1.18763
0.535 1.18933
0.536 1.19103
0.537 1.19274
0.538 1.19446
0.539 1.19618
0.54 1.1979
0.541 1.19963
0.542 1.20137
0.543 1.20311
0.544 1.20486
0.545 1.20661
0.546 1.20836
0.547 1.21013
0.548 1.21189
0.549 1.21367
0.55 1.21544
0.551 1.21723
0.552 1.21902
0.553 1.22081
0.554 1.22261
0.555 1.22442
0.556 1.22623
0.557 1.22805
0.558 1.22987
0.559 1.2317
0.56 1.23353
0.561 1.23537
0.562 1.23721
0.563 1.23906
0.564 1.24092
0.565 1.24278
0.566 1.24465
0.567 1.24652
0.568 1.2484
0.569 1.25029
0.57 1.25218
0.571 1.25408
0.572 1.25598
0.573 1.25789
0.574 1.2598
0.575 1.26172
0.576 1.26365
0.577 1.26558
0.578 1.26752
0.579 1.26947
0.58 1.27142
0.581 1.27337
0.582 1.27534
0.583 1.27731
0.584 1.27928
0.585 1.28126
0.586 1.28325
0.587 1.28525
0.588 1.28725
0.589 1.28925
0.59 1.29127
0.591 1.29329
0.592 1.29531
0.593 1.29735
0.594 1.29939
0.595 1.30143
0.596 1.30348
0.597 1.30554
0.598 1.30761
0.599 1.30968
0.6 1.31176
0.601 1.31384
0.602 1.31594
0.603 1.31803
0.604 1.32014
0.605 1.32225
0.606 1.32437
0.607 1.3265
0.608 1.32863
0.609 1.33077
0.61 1.33292
0.611 1.33507
0.612 1.33723
0.613 1.3394
0.614 1.34157
0.615 1.34375
0.616 1.34594
0.617 1.34814
0.618 1.35034
0.619 1.35255
0.62 1.35477
0.621 1.35699
0.622 1.35922
0.623 1.36146
0.624 1.36371
0.625 1.36596
0.626 1.36823
0.627 1.3705
0.628 1.37277
0.629 1.37506
0.63 1.37735
0.631 1.37965
0.632 1.38195
0.633 1.38427
0.634 1.38659
0.635 1.38892
0.636 1.39126
0.637 1.3936
0.638 1.39595
0.639 1.39832
0.64 1.40068
0.641 1.40306
0.642 1.40545
0.643 1.40784
0.644 1.41024
0.645 1.41265
0.646 1.41507
0.647 1.41749
0.648 1.41992
0.649 1.42237
0.65 1.42481
0.651 1.42727
0.652 1.42974
0.653 1.43221
0.654 1.4347
0.655 1.43719
0.656 1.43969
0.657 1.4422
0.658 1.44471
0.659 1.44724
0.66 1.44977
0.661 1.45232
0.662 1.45487
0.663 1.45743
0.664 1.46
0.665 1.46258
0.666 1.46517
0.667 1.46776
0.668 1.47037
0.669 1.47298
0.67 1.4756
0.671 1.47824
0.672 1.48088
0.673 1.48353
0.674 1.48619
0.675 1.48886
0.676 1.49153
0.677 1.49422
0.678 1.49692
0.679 1.49963
0.68 1.50234
0.681 1.50507
0.682 1.5078
0.683 1.51055
0.684 1.5133
0.685 1.51607
0.686 1.51884
0.687 1.52162
0.688 1.52442
0.689 1.52722
0.69 1.53003
0.691 1.53286
0.692 1.53569
0.693 1.53854
0.694 1.54139
0.695 1.54425
0.696 1.54713
0.697 1.55001
0.698 1.55291
0.699 1.55581
0.7 1.55873
0.701 1.56165
0.702 1.56459
0.703 1.56754
0.704 1.5705
0.705 1.57347
0.706 1.57645
0.707 1.57944
0.708 1.58244
0.709 1.58545
0.71 1.58847
0.711 1.59151
0.712 1.59455
0.713 1.59761
0.714 1.60068
0.715 1.60376
0.716 1.60685
0.717 1.60995
0.718 1.61306
0.719 1.61619
0.72 1.61932
0.721 1.62247
0.722 1.62563
0.723 1.6288
0.724 1.63198
0.725 1.63518
0.726 1.63839
0.727 1.6416
0.728 1.64484
0.729 1.64808
0.73 1.65133
0.731 1.6546
0.732 1.65788
0.733 1.66117
0.734 1.66448
0.735 1.66779
0.736 1.67112
0.737 1.67447
0.738 1.67782
0.739 1.68119
0.74 1.68457
0.741 1.68796
0.742 1.69137
0.743 1.69479
0.744 1.69822
0.745 1.70167
0.746 1.70512
0.747 1.7086
0.748 1.71208
0.749 1.71558
0.75 1.71909
0.751 1.72262
0.752 1.72616
0.753 1.72971
0.754 1.73328
0.755 1.73686
0.756 1.74046
0.757 1.74407
0.758 1.74769
0.759 1.75133
0.76 1.75498
0.761 1.75864
0.762 1.76233
0.763 1.76602
0.764 1.76973
0.765 1.77345
0.766 1.77719
0.767 1.78095
0.768 1.78472
0.769 1.7885
0.77 1.7923
0.771 1.79612
0.772 1.79994
0.773 1.80379
0.774 1.80765
0.775 1.81153
0.776 1.81542
0.777 1.81933
0.778 1.82325
0.779 1.82719
0.78 1.83114
0.781 1.83511
0.782 1.8391
0.783 1.8431
0.784 1.84712
0.785 1.85116
0.786 1.85521
0.787 1.85928
0.788 1.86337
0.789 1.86747
0.79 1.87159
0.791 1.87573
0.792 1.87988
0.793 1.88406
0.794 1.88824
0.795 1.89245
0.796 1.89667
0.797 1.90092
0.798 1.90517
0.799 1.90945
0.8 1.91375
0.801 1.91806
0.802 1.92239
0.803 1.92674
0.804 1.93111
0.805 1.9355
0.806 1.9399
0.807 1.94432
0.808 1.94877
0.809 1.95323
0.81 1.95771
0.811 1.96221
0.812 1.96673
0.813 1.97127
0.814 1.97583
0.815 1.9804
0.816 1.985
0.817 1.98962
0.818 1.99426
0.819 1.99891
0.82 2.00359
0.821 2.00829
0.822 2.01301
0.823 2.01775
0.824 2.02251
0.825 2.02729
0.826 2.0321
0.827 2.03692
0.828 2.04176
0.829 2.04663
0.83 2.05152
0.831 2.05643
0.832 2.06136
0.833 2.06632
0.834 2.07129
0.835 2.07629
0.836 2.08131
0.837 2.08636
0.838 2.09142
0.839 2.09651
0.84 2.10163
0.841 2.10676
0.842 2.11192
0.843 2.1171
0.844 2.12231
0.845 2.12754
0.846 2.13279
0.847 2.13807
0.848 2.14337
0.849 2.1487
0.85 2.15405
0.851 2.15943
0.852 2.16483
0.853 2.17026
0.854 2.17571
0.855 2.18119
0.856 2.18669
0.857 2.19222
0.858 2.19777
0.859 2.20336
0.86 2.20896
0.861 2.2146
0.862 2.22026
0.863 2.22595
0.864 2.23166
0.865 2.2374
0.866 2.24317
0.867 2.24897
0.868 2.2548
0.869 2.26065
0.87 2.26653
0.871 2.27244
0.872 2.27838
0.873 2.28435
0.874 2.29034
0.875 2.29637
0.876 2.30243
0.877 2.30851
0.878 2.31463
0.879 2.32077
0.88 2.32695
0.881 2.33315
0.882 2.33939
0.883 2.34566
0.884 2.35196
0.885 2.35829
0.886 2.36465
0.887 2.37104
0.888 2.37747
0.889 2.38393
0.89 2.39042
0.891 2.39695
0.892 2.4035
0.893 2.41009
0.894 2.41672
0.895 2.42338
0.896 2.43007
0.897 2.4368
0.898 2.44356
0.899 2.45036
0.9 2.45719
0.901 2.46406
0.902 2.47096
0.903 2.4779
0.904 2.48487
0.905 2.49188
0.906 2.49893
0.907 2.50602
0.908 2.51314
0.909 2.5203
0.91 2.5275
0.911 2.53474
0.912 2.54202
0.913 2.54933
0.914 2.55669
0.915 2.56408
0.916 2.57151
0.917 2.57899
0.918 2.5865
0.919 2.59406
0.92 2.60165
0.921 2.60929
0.922 2.61697
0.923 2.62469
0.924 2.63245
0.925 2.64026
0.926 2.64811
0.927 2.65601
0.928 2.66394
0.929 2.67192
0.93 2.67995
0.931 2.68802
0.932 2.69614
0.933 2.7043
0.934 2.71251
0.935 2.72077
0.936 2.72907
0.937 2.73742
0.938 2.74581
0.939 2.75426
0.94 2.76275
0.941 2.7713
0.942 2.77989
0.943 2.78853
0.944 2.79722
0.945 2.80597
0.946 2.81476
0.947 2.82361
0.948 2.8325
0.949 2.84145
0.95 2.85046
0.951 2.85951
0.952 2.86862
0.953 2.87779
0.954 2.88701
0.955 2.89628
0.956 2.90561
0.957 2.915
0.958 2.92444
0.959 2.93394
0.96 2.9435
0.961 2.95312
0.962 2.96279
0.963 2.97253
0.964 2.98232
0.965 2.99218
0.966 3.0021
0.967 3.01208
0.968 3.02212
0.969 3.03222
0.97 3.04239
0.971 3.05262
0.972 3.06291
0.973 3.07327
0.974 3.0837
0.975 3.09419
0.976 3.10475
0.977 3.11538
0.978 3.12608
0.979 3.13684
0.98 3.14768
0.981 3.15859
0.982 3.16956
0.983 3.18061
0.984 3.19173
0.985 3.20293
0.986 3.21419
0.987 3.22554
0.988 3.23695
0.989 3.24845
0.99 3.26002
0.991 3.27167
0.992 3.2834
0.993 3.2952
0.994 3.30709
0.995 3.31906
0.996 3.33111
0.997 3.34324
0.998 3.35545
0.999 3.36775
