0 0.709942
0.02 0.720186
0.04 0.730763
0.06 0.741701
0.08 0.753034
0.1 0.764795
0.12 0.777019
0.14 0.789742
0.16 0.803004
0.18 0.816844
0.2 0.831308
0.22 0.846439
0.24 0.862287
0.26 0.878902
0.28 0.89634
0.3 0.914659
0.32 0.933922
0.34 0.954195
0.36 0.97555
0.38 0.998065
0.4 1.02182
0.42 1.04692
0.44 1.07344
0.46 1.10151
0.48 1.13123
0.5 1.16274
0.52 1.19618
0.54 1.23169
0.56 1.26946
0.58 1.30968
0.6 1.35255
0.62 1.39831
0.64 1.44724
0.66 1.49962
0.68 1.55581
0.7 1.61618
0.72 1.68118
0.74 1.75132
0.76 1.82718
0.78 1.90945
0.8 1.99891
0.82 2.0965
0.84 2.20334
0.86 2.32076
0.88 2.45034
0.9 2.59403
0.92 2.75423
0.94 2.93391
0.96 3.1368
0.98 3.36769
1 3.63279
1.02 3.94031
1.04 4.30135
1.06 4.73128
1.08 5.25202
1.1 5.89595
1.12 6.713
1.14 7.78435
1.16 9.25148
1.18 11.3846
1.2 14.772
1.22 20.9758
1.24 35.8821
1.26 108.896
1.28 13409
1.3 5.74199e+19
1.32 6.30231e+144
1.34 inf
1.36 -nan(ind)
1.38 -nan(ind)
1.4 -nan(ind)
1.42 -nan(ind)
1.44 -nan(ind)
1.46 -nan(ind)
1.48 -nan(ind)
1.5 -nan(ind)
1.52 -nan(ind)
1.54 -nan(ind)
1.56 -nan(ind)
1.58 -nan(ind)
1.6 -nan(ind)
1.62 -nan(ind)
1.64 -nan(ind)
1.66 -nan(ind)
1.68 -nan(ind)
1.7 -nan(ind)
1.72 -nan(ind)
1.74 -nan(ind)
1.76 -nan(ind)
1.78 -nan(ind)
1.8 -nan(ind)
1.82 -nan(ind)
1.84 -nan(ind)
1.86 -nan(ind)
1.88 -nan(ind)
1.9 -nan(ind)
1.92 -nan(ind)
1.94 -nan(ind)
1.96 -nan(ind)
1.98 -nan(ind)
