0 0.707429
0.015 0.715024
0.03 0.722798
0.045 0.730763
0.06 0.738931
0.075 0.747316
0.09 0.755933
0.105 0.764795
0.12 0.773917
0.135 0.783315
0.15 0.793005
0.165 0.803004
0.18 0.813328
0.195 0.823996
0.21 0.835026
0.225 0.846439
0.24 0.858255
0.255 0.870495
0.27 0.883182
0.285 0.89634
0.3 0.909994
0.315 0.924169
0.33 0.938893
0.345 0.954195
0.36 0.970106
0.375 0.986658
0.39 1.00389
0.405 1.02182
0.42 1.04051
0.435 1.06
0.45 1.08031
0.465 1.10151
0.48 1.12364
0.495 1.14676
0.51 1.17092
0.525 1.19618
0.54 1.22261
0.555 1.25029
0.57 1.27928
0.585 1.30968
0.6 1.34157
0.615 1.37505
0.63 1.41024
0.645 1.44724
0.66 1.48619
0.675 1.52722
0.69 1.5705
0.705 1.61618
0.72 1.66448
0.735 1.71558
0.75 1.76973
0.765 1.82719
0.78 1.88824
0.795 1.95323
0.81 2.02251
0.825 2.09651
0.84 2.17571
0.855 2.26064
0.87 2.35195
0.885 2.45035
0.9 2.55668
0.915 2.67191
0.93 2.79721
0.945 2.93393
0.96 3.08368
0.975 3.24843
0.99 3.43051
1.005 3.63284
1.02 3.85897
1.035 4.11338
1.05 4.40175
1.065 4.73141
1.08 5.11196
1.095 5.55625
1.11 6.08186
1.125 6.71354
1.14 7.48723
1.155 8.4572
1.17 9.70945
1.185 11.3889
1.2 13.7598
1.215 17.3611
1.23 23.4839
1.245 36.158
1.26 76.5813
1.275 687.825
1.29 7.07557e+08
1.305 4.47219e+56
1.32 inf
1.335 -nan(ind)
1.35 -nan(ind)
1.365 -nan(ind)
1.38 -nan(ind)
1.395 -nan(ind)
1.41 -nan(ind)
1.425 -nan(ind)
1.44 -nan(ind)
1.455 -nan(ind)
1.47 -nan(ind)
1.485 -nan(ind)
1.5 -nan(ind)
