0 0.700736
0.0015 0.701473
0.003 0.702212
0.0045 0.702952
0.006 0.703695
0.0075 0.704438
0.009 0.705183
0.0105 0.70593
0.012 0.706679
0.0135 0.707429
0.015 0.708181
0.0165 0.708935
0.018 0.70969
0.0195 0.710447
0.021 0.711205
0.0225 0.711966
0.024 0.712728
0.0255 0.713491
0.027 0.714257
0.0285 0.715024
0.03 0.715794
0.0315 0.716564
0.033 0.717337
0.0345 0.718112
0.036 0.718888
0.0375 0.719666
0.039 0.720446
0.0405 0.721228
0.042 0.722012
0.0435 0.722798
0.045 0.723586
0.0465 0.724375
0.048 0.725167
0.0495 0.72596
0.051 0.726756
0.0525 0.727553
0.054 0.728352
0.0555 0.729154
0.057 0.729957
0.0585 0.730763
0.06 0.73157
0.0615 0.732379
0.063 0.733191
0.0645 0.734005
0.066 0.73482
0.0675 0.735638
0.069 0.736458
0.0705 0.73728
0.072 0.738104
0.0735 0.738931
0.075 0.739759
0.0765 0.74059
0.078 0.741423
0.0795 0.742258
0.081 0.743096
0.0825 0.743935
0.084 0.744777
0.0855 0.745621
0.087 0.746468
0.0885 0.747316
0.09 0.748167
0.0915 0.749021
0.093 0.749876
0.0945 0.750735
0.096 0.751595
0.0975 0.752458
0.099 0.753323
0.1005 0.754191
0.102 0.755061
0.1035 0.755933
0.105 0.756808
0.1065 0.757685
0.108 0.758565
0.1095 0.759448
0.111 0.760332
0.1125 0.76122
0.114 0.76211
0.1155 0.763002
0.117 0.763897
0.1185 0.764795
0.12 0.765695
0.1215 0.766598
0.123 0.767504
0.1245 0.768412
0.126 0.769323
0.1275 0.770236
0.129 0.771152
0.1305 0.772071
0.132 0.772993
0.1335 0.773917
0.135 0.774845
0.1365 0.775774
0.138 0.776707
0.1395 0.777643
0.141 0.778581
0.1425 0.779522
0.144 0.780466
0.1455 0.781413
0.147 0.782363
0.1485 0.783315
0.15 0.784271
0.1515 0.78523
0.153 0.786191
0.1545 0.787155
0.156 0.788123
0.1575 0.789093
0.159 0.790067
0.1605 0.791043
0.162 0.792023
0.1635 0.793005
0.165 0.793991
0.1665 0.79498
0.168 0.795972
0.1695 0.796967
0.171 0.797965
0.1725 0.798966
0.174 0.799971
0.1755 0.800978
0.177 0.801989
0.1785 0.803004
0.18 0.804021
0.1815 0.805042
0.183 0.806066
0.1845 0.807093
0.186 0.808124
0.1875 0.809158
0.189 0.810195
0.1905 0.811236
0.192 0.81228
0.1935 0.813328
0.195 0.814379
0.1965 0.815433
0.198 0.816491
0.1995 0.817553
0.201 0.818617
0.2025 0.819686
0.204 0.820758
0.2055 0.821834
0.207 0.822913
0.2085 0.823996
0.21 0.825082
0.2115 0.826172
0.213 0.827266
0.2145 0.828363
0.216 0.829464
0.2175 0.830569
0.219 0.831678
0.2205 0.83279
0.222 0.833906
0.2235 0.835026
0.225 0.83615
0.2265 0.837278
0.228 0.838409
0.2295 0.839544
0.231 0.840684
0.2325 0.841827
0.234 0.842974
0.2355 0.844125
0.237 0.84528
0.2385 0.846439
0.24 0.847602
0.2415 0.848769
0.243 0.849941
0.2445 0.851116
0.246 0.852295
0.2475 0.853479
0.249 0.854667
0.2505 0.855859
0.252 0.857055
0.2535 0.858255
0.255 0.859459
0.2565 0.860668
0.258 0.861881
0.2595 0.863099
0.261 0.864321
0.2625 0.865547
0.264 0.866777
0.2655 0.868012
0.267 0.869251
0.2685 0.870495
0.27 0.871743
0.2715 0.872996
0.273 0.874253
0.2745 0.875515
0.276 0.876782
0.2775 0.878052
0.279 0.879328
0.2805 0.880608
0.282 0.881893
0.2835 0.883182
0.285 0.884477
0.2865 0.885776
0.288 0.887079
0.2895 0.888388
0.291 0.889701
0.2925 0.891019
0.294 0.892342
0.2955 0.89367
0.297 0.895003
0.2985 0.89634
0.3 0.897683
0.3015 0.899031
0.303 0.900383
0.3045 0.901741
0.306 0.903104
0.3075 0.904471
0.309 0.905844
0.3105 0.907222
0.312 0.908605
0.3135 0.909994
0.315 0.911387
0.3165 0.912786
0.318 0.91419
0.3195 0.9156
0.321 0.917014
0.3225 0.918434
0.324 0.91986
0.3255 0.921291
0.327 0.922727
0.3285 0.924169
0.33 0.925616
0.3315 0.927069
0.333 0.928527
0.3345 0.929991
0.336 0.93146
0.3375 0.932935
0.339 0.934416
0.3405 0.935903
0.342 0.937395
0.3435 0.938893
0.345 0.940397
0.3465 0.941906
0.348 0.943421
0.3495 0.944943
0.351 0.94647
0.3525 0.948003
0.354 0.949542
0.3555 0.951087
0.357 0.952638
0.3585 0.954195
0.36 0.955758
0.3615 0.957327
0.363 0.958903
0.3645 0.960485
0.366 0.962072
0.3675 0.963666
0.369 0.965267
0.3705 0.966874
0.372 0.968487
0.3735 0.970106
0.375 0.971732
0.3765 0.973364
0.378 0.975003
0.3795 0.976648
0.381 0.9783
0.3825 0.979958
0.384 0.981623
0.3855 0.983295
0.387 0.984973
0.3885 0.986658
0.39 0.98835
0.3915 0.990048
0.393 0.991754
0.3945 0.993466
0.396 0.995185
0.3975 0.996911
0.399 0.998644
0.4005 1.00038
0.402 1.00213
0.4035 1.00389
0.405 1.00565
0.4065 1.00742
0.408 1.00919
0.4095 1.01097
0.411 1.01276
0.4125 1.01456
0.414 1.01637
0.4155 1.01818
0.417 1.02
0.4185 1.02182
0.42 1.02366
0.4215 1.0255
0.423 1.02735
0.4245 1.02921
0.426 1.03107
0.4275 1.03295
0.429 1.03483
0.4305 1.03671
0.432 1.03861
0.4335 1.04051
0.435 1.04243
0.4365 1.04435
0.438 1.04627
0.4395 1.04821
0.441 1.05015
0.4425 1.05211
0.444 1.05407
0.4455 1.05603
0.447 1.05801
0.4485 1.06
0.45 1.06199
0.4515 1.06399
0.453 1.066
0.4545 1.06802
0.456 1.07005
0.4575 1.07208
0.459 1.07413
0.4605 1.07618
0.462 1.07824
0.4635 1.08031
0.465 1.08239
0.4665 1.08448
0.468 1.08658
0.4695 1.08868
0.471 1.0908
0.4725 1.09292
0.474 1.09506
0.4755 1.0972
0.477 1.09935
0.4785 1.10151
0.48 1.10368
0.4815 1.10586
0.483 1.10805
0.4845 1.11025
0.486 1.11246
0.4875 1.11467
0.489 1.1169
0.4905 1.11914
0.492 1.12138
0.4935 1.12364
0.495 1.12591
0.4965 1.12818
0.498 1.13047
0.4995 1.13277
0.501 1.13507
0.5025 1.13739
0.504 1.13972
0.5055 1.14205
0.507 1.1444
0.5085 1.14676
0.51 1.14913
0.5115 1.1515
0.513 1.15389
0.5145 1.15629
0.516 1.1587
0.5175 1.16112
0.519 1.16356
0.5205 1.166
0.522 1.16845
0.5235 1.17092
0.525 1.17339
0.5265 1.17588
0.528 1.17838
0.5295 1.18088
0.531 1.18341
0.5325 1.18594
0.534 1.18848
0.5355 1.19103
0.537 1.1936
0.5385 1.19618
0.54 1.19877
0.5415 1.20137
0.543 1.20398
0.5445 1.20661
0.546 1.20924
0.5475 1.21189
0.549 1.21455
0.5505 1.21723
0.552 1.21991
0.5535 1.22261
0.555 1.22532
0.5565 1.22805
0.558 1.23078
0.5595 1.23353
0.561 1.23629
0.5625 1.23906
0.564 1.24185
0.5655 1.24465
0.567 1.24746
0.5685 1.25029
0.57 1.25313
0.5715 1.25598
0.573 1.25884
0.5745 1.26172
0.576 1.26461
0.5775 1.26752
0.579 1.27044
0.5805 1.27337
0.582 1.27632
0.5835 1.27928
0.585 1.28226
0.5865 1.28525
0.588 1.28825
0.5895 1.29127
0.591 1.2943
0.5925 1.29735
0.594 1.30041
0.5955 1.30348
0.597 1.30657
0.5985 1.30968
0.6 1.3128
0.6015 1.31594
0.603 1.31909
0.6045 1.32225
0.606 1.32543
0.6075 1.32863
0.609 1.33184
0.6105 1.33507
0.612 1.33831
0.6135 1.34157
0.615 1.34485
0.6165 1.34814
0.618 1.35144
0.6195 1.35477
0.621 1.35811
0.6225 1.36146
0.624 1.36484
0.6255 1.36823
0.627 1.37163
0.6285 1.37506
0.63 1.3785
0.6315 1.38195
0.633 1.38543
0.6345 1.38892
0.636 1.39243
0.6375 1.39595
0.639 1.3995
0.6405 1.40306
0.642 1.40664
0.6435 1.41024
0.645 1.41386
0.6465 1.41749
0.648 1.42114
0.6495 1.42481
0.651 1.42851
0.6525 1.43221
0.654 1.43594
0.6555 1.43969
0.657 1.44346
0.6585 1.44724
0.66 1.45105
0.6615 1.45487
0.663 1.45871
0.6645 1.46258
0.666 1.46646
0.6675 1.47037
0.669 1.47429
0.6705 1.47824
0.672 1.4822
0.6735 1.48619
0.675 1.49019
0.6765 1.49422
0.678 1.49827
0.6795 1.50234
0.681 1.50643
0.6825 1.51055
0.684 1.51468
0.6855 1.51884
0.687 1.52302
0.6885 1.52722
0.69 1.53145
0.6915 1.53569
0.693 1.53996
0.6945 1.54425
0.696 1.54857
0.6975 1.55291
0.699 1.55727
0.7005 1.56165
0.702 1.56606
0.7035 1.5705
0.705 1.57495
0.7065 1.57944
0.708 1.58394
0.7095 1.58847
0.711 1.59303
0.7125 1.59761
0.714 1.60221
0.7155 1.60685
0.717 1.6115
0.7185 1.61619
0.72 1.62089
0.7215 1.62563
0.723 1.63039
0.7245 1.63518
0.726 1.63999
0.7275 1.64484
0.729 1.6497
0.7305 1.6546
0.732 1.65952
0.7335 1.66448
0.735 1.66946
0.7365 1.67447
0.738 1.6795
0.7395 1.68457
0.741 1.68966
0.7425 1.69479
0.744 1.69994
0.7455 1.70512
0.747 1.71034
0.7485 1.71558
0.75 1.72085
0.7515 1.72616
0.753 1.73149
0.7545 1.73686
0.756 1.74226
0.7575 1.74769
0.759 1.75315
0.7605 1.75864
0.762 1.76417
0.7635 1.76973
0.765 1.77532
0.7665 1.78095
0.768 1.78661
0.7695 1.7923
0.771 1.79803
0.7725 1.80379
0.774 1.80959
0.7755 1.81542
0.777 1.82128
0.7785 1.82719
0.78 1.83313
0.7815 1.8391
0.783 1.84511
0.7845 1.85116
0.786 1.85725
0.7875 1.86337
0.789 1.86953
0.7905 1.87573
0.792 1.88197
0.7935 1.88824
0.795 1.89456
0.7965 1.90092
0.798 1.90731
0.7995 1.91375
0.801 1.92022
0.8025 1.92674
0.804 1.9333
0.8055 1.9399
0.807 1.94654
0.8085 1.95323
0.81 1.95996
0.8115 1.96673
0.813 1.97354
0.8145 1.9804
0.816 1.98731
0.8175 1.99426
0.819 2.00125
0.8205 2.00829
0.822 2.01538
0.8235 2.02251
0.825 2.02969
0.8265 2.03692
0.828 2.0442
0.8295 2.05152
0.831 2.05889
0.8325 2.06632
0.834 2.07379
0.8355 2.08131
0.837 2.08889
0.8385 2.09651
0.84 2.10419
0.8415 2.11192
0.843 2.1197
0.8445 2.12754
0.846 2.13543
0.8475 2.14337
0.849 2.15137
0.8505 2.15943
0.852 2.16754
0.8535 2.17571
0.855 2.18394
0.8565 2.19222
0.858 2.20056
0.8595 2.20896
0.861 2.21742
0.8625 2.22595
0.864 2.23453
0.8655 2.24317
0.867 2.25188
0.8685 2.26065
0.87 2.26948
0.8715 2.27838
0.873 2.28734
0.8745 2.29637
0.876 2.30546
0.8775 2.31463
0.879 2.32385
0.8805 2.33315
0.882 2.34252
0.8835 2.35196
0.885 2.36146
0.8865 2.37104
0.888 2.3807
0.8895 2.39042
0.891 2.40022
0.8925 2.41009
0.894 2.42004
0.8955 2.43007
0.897 2.44017
0.8985 2.45036
0.9 2.46062
0.9015 2.47096
0.903 2.48138
0.9045 2.49188
0.906 2.50247
0.9075 2.51314
0.909 2.5239
0.9105 2.53474
0.912 2.54567
0.9135 2.55669
0.915 2.56779
0.9165 2.57899
0.918 2.59027
0.9195 2.60165
0.921 2.61312
0.9225 2.62469
0.924 2.63635
0.9255 2.64811
0.927 2.65997
0.9285 2.67192
0.93 2.68398
0.9315 2.69614
0.933 2.7084
0.9345 2.72077
0.936 2.73324
0.9375 2.74581
0.939 2.7585
0.9405 2.7713
0.942 2.7842
0.9435 2.79722
0.945 2.81036
0.9465 2.82361
0.948 2.83697
0.9495 2.85046
0.951 2.86406
0.9525 2.87779
0.954 2.89164
0.9555 2.90561
0.957 2.91971
0.9585 2.93394
0.96 2.9483
0.9615 2.96279
0.963 2.97742
0.9645 2.99218
0.966 3.00708
0.9675 3.02212
0.969 3.0373
0.9705 3.05262
0.972 3.06809
0.9735 3.0837
0.975 3.09947
0.9765 3.11538
0.978 3.13145
0.9795 3.14768
0.981 3.16406
0.9825 3.18061
0.984 3.19732
0.9855 3.21419
0.987 3.23124
0.9885 3.24845
0.99 3.26583
0.9915 3.2834
0.993 3.30114
0.9945 3.31906
0.996 3.33716
0.9975 3.35545
0.999 3.37393
1.0005 3.39261
1.002 3.41148
1.0035 3.43054
1.005 3.44981
1.0065 3.46929
1.008 3.48897
1.0095 3.50886
1.011 3.52897
1.0125 3.5493
1.014 3.56985
1.0155 3.59063
1.017 3.61163
1.0185 3.63287
1.02 3.65435
1.0215 3.67607
1.023 3.69803
1.0245 3.72024
1.026 3.74271
1.0275 3.76544
1.029 3.78842
1.0305 3.81168
1.032 3.83521
1.0335 3.85901
1.035 3.8831
1.0365 3.90747
1.038 3.93214
1.0395 3.9571
1.041 3.98237
1.0425 4.00794
1.044 4.03383
1.0455 4.06004
1.047 4.08657
1.0485 4.11344
1.05 4.14064
1.0515 4.16819
1.053 4.19609
1.0545 4.22435
1.056 4.25298
1.0575 4.28197
1.059 4.31135
1.0605 4.34111
1.062 4.37127
1.0635 4.40183
1.065 4.4328
1.0665 4.4642
1.068 4.49602
1.0695 4.52827
1.071 4.56098
1.0725 4.59413
1.074 4.62776
1.0755 4.66186
1.077 4.69644
1.0785 4.73152
1.08 4.7671
1.0815 4.80321
1.083 4.83984
1.0845 4.87701
1.086 4.91474
1.0875 4.95303
1.089 4.9919
1.0905 5.03136
1.092 5.07142
1.0935 5.11211
1.095 5.15343
1.0965 5.19539
1.098 5.23802
1.0995 5.28134
1.101 5.32534
1.1025 5.37007
1.104 5.41552
1.1055 5.46172
1.107 5.50869
1.1085 5.55645
1.11 5.60502
1.1115 5.65441
1.113 5.70466
1.1145 5.75578
1.116 5.80779
1.1175 5.86072
1.119 5.9146
1.1205 5.96945
1.122 6.02529
1.1235 6.08215
1.125 6.14007
1.1265 6.19907
1.128 6.25919
1.1295 6.32044
1.131 6.38288
1.1325 6.44653
1.134 6.51142
1.1355 6.5776
1.137 6.64511
1.1385 6.71398
1.14 6.78425
1.1415 6.85598
1.143 6.9292
1.1445 7.00397
1.146 7.08032
1.1475 7.15833
1.149 7.23803
1.1505 7.31948
1.152 7.40275
1.1535 7.4879
1.155 7.57498
1.1565 7.66408
1.158 7.75525
1.1595 7.84857
1.161 7.94412
1.1625 8.04197
1.164 8.14223
1.1655 8.24497
1.167 8.35029
1.1685 8.45828
1.17 8.56905
1.1715 8.68272
1.173 8.79939
1.1745 8.91919
1.176 9.04224
1.1775 9.16868
1.179 9.29865
1.1805 9.43231
1.182 9.5698
1.1835 9.71131
1.185 9.85701
1.1865 10.0071
1.188 10.1617
1.1895 10.3212
1.191 10.4856
1.1925 10.6554
1.194 10.8306
1.1955 11.0117
1.197 11.1988
1.1985 11.3923
1.2 11.5926
1.2015 11.7999
1.203 12.0148
1.2045 12.2375
1.206 12.4686
1.2075 12.7084
1.209 12.9576
1.2105 13.2167
1.212 13.4863
1.2135 13.767
1.215 14.0596
1.2165 14.3647
1.218 14.6833
1.2195 15.0163
1.221 15.3646
1.2225 15.7294
1.224 16.1118
1.2255 16.5131
1.227 16.9348
1.2285 17.3786
1.23 17.846
1.2315 18.3392
1.233 18.8603
1.2345 19.4118
1.236 19.9963
1.2375 20.617
1.239 21.2774
1.2405 21.9812
1.242 22.7331
1.2435 23.538
1.245 24.4019
1.2465 25.3315
1.248 26.3344
1.2495 27.4199
1.251 28.5985
1.2525 29.8827
1.254 31.2875
1.2555 32.8306
1.257 34.5336
1.2585 36.4226
1.26 38.53
1.2615 40.8959
1.263 43.571
1.2645 46.6202
1.266 50.1279
1.2675 54.2059
1.269 59.0056
1.2705 64.7372
1.272 71.7013
1.2735 80.3431
1.275 91.3519
1.2765 105.854
1.278 125.822
1.2795 155.059
1.281 201.942
1.2825 289.158
1.284 505.48
1.2855 1679.52
1.287 430034
1.2885 8.42989e+23
1.29 1.81553e+170
1.2915 -nan(ind)
1.293 -nan(ind)
1.2945 -nan(ind)
1.296 -nan(ind)
1.2975 -nan(ind)
1.299 -nan(ind)
1.3005 -nan(ind)
1.302 -nan(ind)
1.3035 -nan(ind)
1.305 -nan(ind)
1.3065 -nan(ind)
1.308 -nan(ind)
1.3095 -nan(ind)
1.311 -nan(ind)
1.3125 -nan(ind)
1.314 -nan(ind)
1.3155 -nan(ind)
1.317 -nan(ind)
1.3185 -nan(ind)
1.32 -nan(ind)
1.3215 -nan(ind)
1.323 -nan(ind)
1.3245 -nan(ind)
1.326 -nan(ind)
1.3275 -nan(ind)
1.329 -nan(ind)
1.3305 -nan(ind)
1.332 -nan(ind)
1.3335 -nan(ind)
1.335 -nan(ind)
1.3365 -nan(ind)
1.338 -nan(ind)
1.3395 -nan(ind)
1.341 -nan(ind)
1.3425 -nan(ind)
1.344 -nan(ind)
1.3455 -nan(ind)
1.347 -nan(ind)
1.3485 -nan(ind)
1.35 -nan(ind)
1.3515 -nan(ind)
1.353 -nan(ind)
1.3545 -nan(ind)
1.356 -nan(ind)
1.3575 -nan(ind)
1.359 -nan(ind)
1.3605 -nan(ind)
1.362 -nan(ind)
1.3635 -nan(ind)
1.365 -nan(ind)
1.3665 -nan(ind)
1.368 -nan(ind)
1.3695 -nan(ind)
1.371 -nan(ind)
1.3725 -nan(ind)
1.374 -nan(ind)
1.3755 -nan(ind)
1.377 -nan(ind)
1.3785 -nan(ind)
1.38 -nan(ind)
1.3815 -nan(ind)
1.383 -nan(ind)
1.3845 -nan(ind)
1.386 -nan(ind)
1.3875 -nan(ind)
1.389 -nan(ind)
1.3905 -nan(ind)
1.392 -nan(ind)
1.3935 -nan(ind)
1.395 -nan(ind)
1.3965 -nan(ind)
1.398 -nan(ind)
1.3995 -nan(ind)
1.401 -nan(ind)
1.4025 -nan(ind)
1.404 -nan(ind)
1.4055 -nan(ind)
1.407 -nan(ind)
1.4085 -nan(ind)
1.41 -nan(ind)
1.4115 -nan(ind)
1.413 -nan(ind)
1.4145 -nan(ind)
1.416 -nan(ind)
1.4175 -nan(ind)
1.419 -nan(ind)
1.4205 -nan(ind)
1.422 -nan(ind)
1.4235 -nan(ind)
1.425 -nan(ind)
1.4265 -nan(ind)
1.428 -nan(ind)
1.4295 -nan(ind)
1.431 -nan(ind)
1.4325 -nan(ind)
1.434 -nan(ind)
1.4355 -nan(ind)
1.437 -nan(ind)
1.4385 -nan(ind)
1.44 -nan(ind)
1.4415 -nan(ind)
1.443 -nan(ind)
1.4445 -nan(ind)
1.446 -nan(ind)
1.4475 -nan(ind)
1.449 -nan(ind)
1.4505 -nan(ind)
1.452 -nan(ind)
1.4535 -nan(ind)
1.455 -nan(ind)
1.4565 -nan(ind)
1.458 -nan(ind)
1.4595 -nan(ind)
1.461 -nan(ind)
1.4625 -nan(ind)
1.464 -nan(ind)
1.4655 -nan(ind)
1.467 -nan(ind)
1.4685 -nan(ind)
1.47 -nan(ind)
1.4715 -nan(ind)
1.473 -nan(ind)
1.4745 -nan(ind)
1.476 -nan(ind)
1.4775 -nan(ind)
1.479 -nan(ind)
1.4805 -nan(ind)
1.482 -nan(ind)
1.4835 -nan(ind)
1.485 -nan(ind)
1.4865 -nan(ind)
1.488 -nan(ind)
1.4895 -nan(ind)
1.491 -nan(ind)
1.4925 -nan(ind)
1.494 -nan(ind)
1.4955 -nan(ind)
1.497 -nan(ind)
1.4985 -nan(ind)
